
==============
Sphere
================

10.724128464341124
17.116092777733087
16.700919416380867
36.89619666497064
20.653038267683115
13.948758954788783
11.50906082600539
12.285260849510976
14.82959513928309
11.131136891121214
15.575693885386558
9.896048045000763
18.744323299964393
7.4681742357881395
7.3614303070505
13.694471725121822
21.19849805654021
17.331592921248017
11.119740844886298
11.330722664389555
20.13502319311021
15.63582074515089
18.488704018938165
20.262771792777713
5.975888704178648
7.219137735642055
9.861684249301337
24.75227094926297
9.10260958994339
11.477867922565629

==============
Ackley
================

13.589807473148287
8.35382220778527
13.725612812025165
12.983847097423842
9.705064373954782
11.163146460624112
12.59390486930225
13.541142952131267
10.844617669452637
14.973949957612598
12.18353788186659
11.598096083469294
10.398017901661932
15.75284939444149
13.188238529188537
14.685635114654355
12.756937009967118
13.035753319463282
14.48772833068208
12.109214996279892
13.011073239713141
13.90135347278192
15.476123342021026
13.673078617304425
12.465277276154538
16.085876938097737
13.143525516659837
13.824499063249782
13.161318999907804
10.026725960038894

==============
Katsuura
================

2.2957873017772417
2.672512003132318
2.6966909411987166
2.343523126047307
2.4344509051245526
3.4285842400172566
0.9430651667628434
2.661352565746098
3.0839458406952516
2.949589732205876
2.1793748005582656
1.8793613771157134
1.951286224749305
1.8920942483032666
2.488788587409847
3.5073314546738206
1.948301496376357
2.457152673489184
2.179776777417618
2.835347273056154
1.6650308613745466
2.8296902720862156
2.5120285793321386
2.5603667655156497
1.8350687825835004
3.121876924282292
1.4308256533165835
2.279841433449862
1.8892972653289481
3.6428352539430024

==============
Michalewicz
================

-6.366107644282282
-7.047227262516719
-8.740423524186003
-8.422351342058963
-8.869687166161908
-8.707263380453025
-7.38915856145147
-7.978652407209002
-6.754276548698648
-6.602399170778932
-7.222488401302015
-7.52442664641674
-6.4534082641611334
-6.435456368596724
-7.2953183275877285
-7.376032441356324
-10.945280761113011
-8.406728618151874
-6.97751096951094
-6.513514668683885
-6.607851360427695
-7.377477074403907
-8.279834401791277
-7.232122687613372
-7.500925027883439
-8.55088897142704
-8.144375030587243
-7.945775157269612
-7.7252940180259015
-8.412516944507065

==============
Shubert
================

-2025846277980.268
-159811296830685.53
-35920188534433.625
-33491736038787.68
-146325783488094.5
-23621862009431.164
-30597671760712.01
-10085750303154.664
-200494803786155.03
-36578810700482.82
-1203967379747652.5
-48962059350392.87
-1482641331591934.8
-2982865725330.1113
-19557599206866.555
-8196793699516.121
-1978765954302.5706
-32639369693106.137
-21662776303048.797
-10703594680786.7
-39075225834641.695
-28502496575698.74
-3598910437483.328
-315822763174241.3
-141515641406440.12
-22705340334478.484
-99253711790327.52
-10913167828840.77
-204550922278869.47
-8425538414806.789

==============
SHR_Ackley
================

-118.78275041117907
-118.99711937847383
-118.97018136903016
-118.78240148785507
-118.76811185002943
-118.79373816298313
-118.85243580567354
-118.79462221719734
-118.88457516045524
-119.06768009363635
-118.71724458555053
-118.86555722672463
-118.953948388027
-118.88032523407007
-118.95529452661145
-118.77302192986855
-118.82517178812523
-119.13499584983082
-118.80493722673339
-118.90655464595105
-118.90353940036633
-119.01277125001303
-118.98790953215101
-118.91612974170178
-119.10392981466231
-118.87819845507558
-118.9500149035569
-119.15239749048462
-118.76393640609048
-119.07128866765098

==============
SHR_Michalewicz
================

-104.24675774212744
-103.69796972965966
-104.45356101693353
-104.04616650945447
-103.94174425061169
-104.24856056808828
-103.7854696535779
-103.95598227716675
-103.51018599954148
-104.09389435549666
-104.46451153988077
-103.95944701382507
-103.84237789927758
-104.86030864594358
-104.56844055790322
-104.47888241186612
-103.89883856203697
-104.03557697853415
-104.3036127611006
-103.84788677612062
-103.37187482293382
-103.84641603480331
-104.9279128014425
-103.9823881066436
-105.0978086389035
-104.4864973938576
-104.37419574415641
-103.06888840521717
-104.35064142969183
-106.05244799830733

==============
SHR_Shubert
================

-25803623626039.316
-9662862896078.826
-4812308222298.261
-10538699005627.273
-923389325463.7256
-4694177618207.134
-2486423169117.554
-81150236709962.02
-824669262164958.8
-23754616000197.984
-27514319265072.67
-56893978052864.91
-53252709318964.72
-21984004099372.367
-1839602205886.0422
-5839839616293.894
-2572405424739.7217
-19496466380179.53
-6542589356814.594
-21238058096854.46
-14684930230598.45
-19411187842976.094
-98970544402855.0
-214478588540716.47
-11656297621122.037
-26705276965710.492
-117152480583569.0
-27272070687099.6
-12595550348808.025
-9089428177257.045

==============
SHR_Katsuura
================

132.94070093803592
132.8159606293387
132.41227741524108
132.53979850856427
132.7801620687439
132.36850650311453
132.49831986544962
132.19617063724885
132.0751634840493
132.0029391337999
132.51559421733225
132.76872969111614
132.30734145216132
132.5335017295436
133.8111808088067
131.57028137747946
131.95231944198525
131.5437134395687
133.00205041061778
131.95424540462463
132.85424539077212
131.62227982843999
132.028531714668
132.6365590726271
131.74051924033
132.71779094005103
132.9070111118973
133.43497944176855
132.51095221614858
132.90488710661126

