
==============
Sphere
================

1.3759647064793339e-21
1.5590406466543242e-24
1.768990968740242e-27
4.1005043868962806e-25
1.1972226600348792e-24
1.3321849328771944e-21
1.3179022204203695e-24
3.2954828259751754e-22
4.417342158050447e-23
3.3728868861013786e-26
3.422667873113446e-24
2.4637409794798282e-26
5.697484379454695e-27
1.1075431394118676e-27
2.817119036647334e-26
3.0028164713484854e-24
1.4882014593670938e-24
1.123294185237455e-23
1.1719830936257859e-24
9.615027462224748e-27
1.9357477910620776e-24
4.6162411475743627e-29
8.56287358210892e-24
4.797250326576319e-25
1.0001304429774585e-26
1.4793472316951091e-25
4.019785965418831e-26
2.0316685498367905e-21
2.9582882808848246e-27
3.121426178188682e-23

==============
Ackley
================

9.899127251244977e-08
1.0468797073670544e-07
2.0111325168859016
1.2228416723658597e-07
7.809979796213895e-07
2.579337314465683
2.813596980233957
1.9274536500191175e-07
5.1703957115734056e-08
1.6462236331031197
2.575441775943759
1.4235364879729144
6.570444144315957e-08
4.1841795139774263e-07
3.74789164148126e-08
1.8399934758120655
1.8399934758119838
2.01331523625586
6.966577048572731e-08
1.8399934758119945
1.1551485027105355
1.1551485027098818
1.155148502711182
3.675610971143328e-08
2.666512028959289e-07
1.1551485027101482
1.4715897167505432e-07
2.6018776866365556e-07
1.1551485027098711
1.8399934758120158

==============
Katsuura
================

0.0716387488186742
0.08064050835488658
0.04447106191342856
0.04826874476016124
0.06971177790464315
0.12860790234953104
0.10327573927481977
0.021965496013098704
0.043905692127740606
0.15553743987464533
0.14327305240966506
0.08663510160419331
0.12523353483911387
0.07264800223341232
0.0577535078207765
0.035080830713263095
0.04457968980453242
0.043023146130777706
0.08948288620651644
0.06736747527967217
0.060048147004239875
0.07169639685807148
0.049184723881490026
0.02537715528585833
0.031195093094449056
0.027597446985837645
0.08171104366865029
0.10996057349802194
0.048441819646254713
0.07263826148797524

==============
Michalewicz
================

-17.620812576315373
-17.81500456892433
-18.009665427566564
-17.02643351103344
-17.805417407203425
-15.76655667292057
-13.82798614688037
-17.40291459404964
-17.393610446784937
-18.052166239265414
-17.075967255555152
-17.249095935638756
-16.060773406636088
-16.187052147989675
-16.663951945593656
-15.692165651767104
-17.712255114855157
-16.48220827431706
-17.80975549267042
-14.863690624288354
-15.501682248777211
-17.158564005729016
-18.16103282505052
-15.409368914019531
-17.055772396899307
-15.930593714947097
-16.640725732566615
-16.0397797889021
-17.527104600649093
-17.090987316938968

==============
Shubert
================

-2.279861148086398e+20
-9.969933984038706e+21
-1.6839260885834403e+22
-9.071254890323291e+21
-5.608527125283742e+21
-5.809778072237025e+22
-1.375580805535383e+22
-7.155666369501366e+21
-1.8384067258529381e+22
-4.882752186766705e+22
-5.8094897280103825e+22
-4.572517970395139e+22
-1.0201016033802605e+21
-5.177012290355975e+20
-2.336152917595648e+22
-7.753221950284379e+21
-6.1223472336538305e+19
-3.9355096254197195e+22
-8.35004399928289e+20
-9.975706589519408e+20
-1.9724896494454633e+20
-7.242112134479829e+22
-4.717034790779229e+21
-1.0687532132586727e+22
-5.808452125878267e+22
-6.745876292921286e+21
-1.057352942391335e+22
-1.8854929880294908e+22
-8.258031533031086e+21
-2.655863163074865e+22

==============
SHR_Ackley
================

-119.07579530722656
-119.18976981642462
-119.08815991123431
-119.27239745923379
-119.24766736381719
-119.16416494227263
-119.06566228459403
-119.0857584090046
-119.00287844256867
-119.0658146086825
-119.01808192213525
-119.21262459006074
-119.13063566466866
-119.10214643673498
-119.21103926307157
-119.24894425069985
-119.04615038354206
-119.10637412592737
-119.23693377528687
-119.21253940234607
-119.07066739686483
-119.00997982836651
-119.32777880084663
-119.12983991790854
-119.31145028763584
-119.04392236177289
-119.18116061652049
-119.12898362762199
-119.04235258876625
-119.35169178257767

==============
SHR_Michalewicz
================

-105.11087432792861
-104.5183192738726
-105.95335522207203
-104.37658080889979
-104.88286118194816
-104.92615569546221
-105.68313598352336
-104.86764954666161
-104.67249965189633
-104.22834055497886
-104.54696724711552
-105.61720645424587
-104.37089889882647
-104.04144317047195
-104.18880987777099
-104.10253422465114
-104.08321594422515
-104.97197869675495
-104.55622285754971
-104.84558495499661
-104.57478436173979
-105.09978407900142
-103.7618103868487
-105.74811669046724
-104.9698613338152
-104.97726982445582
-103.98467102946906
-105.60217284528298
-106.582610616944
-104.6610901846364

==============
SHR_Shubert
================

-64216211656987.6
-6041294114534941.0
-1292756606821395.0
-166715205922215.34
-70678809280495.25
-256390228520057.84
-1629084939903063.2
-207850719675913.53
-704317217178076.0
-144818988490262.94
-94894508422892.64
-252216661890473.0
-335409617259985.75
-1291441650836170.0
-508051049163504.5
-1.5255245525981248e+16
-720941440734114.5
-2696697713748349.0
-1.004660487295504e+17
-208281364358307.22
-608510836229692.8
-9659058932184308.0
-831754249343533.8
-103550432054731.95
-276415194995124.12
-400160236326566.06
-4306974316238867.0
-3.5258394215629628e+16
-7858141578816169.0
-389794905186745.94

==============
SHR_Katsuura
================

131.01851076917742
130.9159438658897
131.3556179061039
131.6221391727207
131.58701527650877
131.445103291912
130.92069139472503
131.54022640877346
131.18866003092919
131.8235858171278
131.35491905219402
131.0499347735555
131.5092299012225
131.48539435096927
131.0286974002744
130.81762849796203
131.22713227593843
131.64127221774183
131.78855126880168
130.99035857458585
130.74189756669267
131.54158779277662
131.30341839020903
131.46773264012393
131.27926535020083
131.34770253711653
130.6136052855653
131.3267532684858
131.93284841546438
131.37983146417224

