 ============== Sphere ================ 
0.0005669358403103931 9.866374704848687e-05 0.008201100638842752 1.815293470009609e-05 0.00029083908033881 0.0007442010807992516 0.006197251749875158 5.6037833706815246e-05 7.962034962962514e-05 0.004249129469914318 0.0026124583848905155 0.0008389255382033526 0.0006270837501249728 0.002001041224825595 0.0006357692428640215 0.0024685549132330686 0.0010075604736221216 0.011868589685942735 6.895788794482625e-05 0.000111375915235027 0.0018635067284641484 0.00012913316750784828 0.0025418131836081113 0.0006868863697656014 0.011329611555452755 0.0004101533734285158 3.0849396427633175e-05 4.53745180602152e-05 0.0014725596827707146 0.009317262511304936 
============== Ackley ================ 
3.820611059509418 7.268492471546562 2.9228311227443204 7.692620899005959 7.209594075073959 4.545628723128054 7.565431354244318 5.649547525402237 3.9593968385497047 4.938875660756203 9.094651985132097 7.0642212564331395 5.2877590721952465 4.318892764247526 6.851745225109401 8.596078995920724 6.354432460382757 6.057035482958469 6.38738765958767 6.75661577235433 9.145643230354214 5.473296748135294 5.150657126262999 8.388229833455828 5.428336806292144 5.288425372358024 6.560836033810496 7.458337603373801 5.73585534073943 7.123027825956864 
============== Katsuura ================ 
0.33777707538268137 0.3146990653748014 0.22397319707653218 0.25730530938545293 0.6987169036040463 0.33908585154149545 0.3259981127970101 0.0930339866986682 0.6624997365537003 0.2291736611654569 0.3881205013105814 0.23307709208338845 0.33592701736433644 0.5246092759488139 0.4480402295129124 0.2501877093652131 0.27649511330057824 0.9838827437578935 0.7933024446303745 0.35199487390854967 0.3892770361788643 0.701342792676932 0.7672349555418281 0.3586329476624294 0.5608357005814755 1.1567857852677221 0.7503662545385891 0.22364417023982008 0.5032344227114487 0.17560390333253745 
============== Michalewicz ================ 
-15.574106804994525 -16.790076301731602 -14.437748787499801 -17.48854846390613 -15.642354357250666 -16.42523431793238 -14.066682274560183 -13.824375492683416 -14.38265333006102 -16.69483317797991 -15.628543386132744 -17.975554100619394 -14.262430114862715 -13.79088303078375 -17.76345522615081 -17.863733516940425 -12.905559377173818 -17.083680584955314 -17.005878062948437 -18.38226698726865 -16.253742828648317 -14.466882311228229 -16.387557584471224 -17.2815932949257 -14.666045945377183 -17.01830947289366 -15.377589569934358 -18.769138758929977 -17.353538033853205 -15.490076719250835 
============== Shubert ================ 
-9.505796264347309e+16 -5.022878012689357e+18 -5.3875732665706925e+17 -1.747289564132107e+19 -1.2209793646240522e+18 -4.0477478252449624e+16 -2.2000678990619107e+17 -2.648825320916145e+17 -7.994774844936462e+17 -1.4927672373694365e+17 -4.349189478154724e+17 -2.4664172803317644e+16 -3.651668147491035e+16 -4.650693954081919e+18 -2.0987466030860682e+18 -1.8617562408752774e+17 -2.4093380041411338e+17 -2.738566661166363e+16 -2.4636679299220654e+18 -3.664435859181375e+16 -1.8301743247076883e+17 -3.322314137602362e+16 -3.6088534784777697e+18 -2.8413506272098075e+19 -1.0443327017791075e+18 -2.0370522814616545e+18 -1.8125469793444924e+16 -2.4095278577461734e+17 -2.742434003503712e+18 -5.722336964147024e+18 
