 ============== Sphere ================ 
2.9423296547861565e-10 1.712777830466673e-09 2.0138450149641574e-08 2.489240362802486e-10 6.364874164050886e-10 3.736492590566738e-09 3.4178372531165165e-10 1.508481195239733e-08 6.356778932750982e-11 3.7576434742736567e-10 2.4749478656060817e-10 2.486557980380214e-10 3.896839070580171e-09 2.3652471193314137e-11 1.1566057361124565e-09 2.5297143216798055e-09 3.4455295447805234e-10 4.534038051848265e-10 3.4517967109267697e-10 1.3987227995764212e-09 8.230472999019419e-10 3.73357360955022e-10 1.702648776629755e-07 8.124827572065643e-10 6.634046705905228e-09 4.078347100090966e-09 3.798274631146914e-10 3.071428306332729e-09 2.8628198776943934e-09 9.006748358991822e-11 
============== Ackley ================ 
0.0020301512498233087 0.0008357154153562085 0.0011384839192740692 0.0003749964355148627 0.0004221936365138568 0.005669266477060564 0.0004735408931861862 0.0003541481238227284 4.381242768447535e-05 0.0014418809221692364 0.0013145914120689106 0.0001374797364062097 1.4235365062373941 0.0004571242791233665 0.0014238412690343871 0.0025357240369854317 1.6462240915580435 0.00030916047892448617 7.585835594925427e-05 0.0005993216642221633 0.0003539324232382235 0.0003295400576139862 0.03978375034001802 1.4249562356316265 0.007221536872777268 0.00045995477722415856 0.00017278051332114686 0.0002766203018507163 0.0001329227159492241 0.007899991089655334 
============== Katsuura ================ 
0.07589531458074933 0.08278838946591185 0.0923367034631589 0.07848994441343653 0.026417087477808156 0.22355323284184647 0.0342878205863646 0.022845277148866052 0.030128151811253192 0.04370401948629597 0.08764807911484962 0.05083768369254729 0.10050079510185793 0.02961324090036282 0.03852302658886506 0.026973379158100948 0.037299321009260415 0.2022307293787795 0.21850724202615568 0.16705171865709595 0.03513049301300012 0.09031487763675623 0.12336660296958187 0.18752372905052905 0.03565661509250652 0.05340491786194132 0.1588878765879522 0.037788130496411276 0.0692045487779133 0.015232115727146004 
============== Michalewicz ================ 
-16.70588978943178 -18.589351414406497 -15.999614425959054 -16.694783842741874 -17.38282850208206 -16.882056626891867 -12.844907358611755 -16.472174293694128 -16.885487591917517 -16.250171929870852 -17.43524778892512 -17.506916796461283 -16.821951104398654 -16.87726066007482 -16.997712997338535 -17.476365393249033 -12.151335687620364 -14.909398546429237 -16.817477548724124 -17.057469082264216 -17.38695774210689 -16.72676738925181 -15.614273336552584 -16.91706940477675 -16.39980084424363 -13.511844046215268 -15.652125441496203 -14.662606850710645 -16.52594871813629 -16.45059626020297 
============== Shubert ================ 
-1.910515430864021e+21 -2.6624473598796387e+21 -2.1827316106652383e+18 -4.893020087196388e+19 -7.152820931604316e+20 -2.7709215420787294e+19 -2.5184806048625455e+19 -2.0117700555087078e+21 -1.77151368262253e+22 -1.352145538756729e+20 -6.730739690164207e+19 -6.835051170195674e+18 -2.55077888291761e+21 -1114722807119497.4 -1.3520927490193832e+20 -3.2281509303522684e+21 -7.800973492302739e+20 -5.863842695975002e+18 -3.2108661329932116e+21 -2.2248351358891249e+18 -1.5935466351479168e+18 -9.94723697046071e+20 -4.134561572095426e+22 -1.5980225167202084e+18 -4.950125709730889e+20 -7.298496500290051e+19 -6.94610601628438e+18 -5.989459079478966e+20 -4.531536647999465e+20 -3.3103435591259167e+22 
