Training Results:
96.52173913043478
96.52173913043478
96.52173913043478
97.3913043478261
96.52173913043478
97.3913043478261
96.52173913043478
96.52173913043478
97.3913043478261
97.3913043478261
96.52173913043478
97.3913043478261
96.52173913043478
97.3913043478261
97.3913043478261
96.52173913043478
96.52173913043478
97.3913043478261
96.52173913043478
98.26086956521739
Test Results: 
97.14285714285714
97.14285714285714
100.0
100.0
100.0
100.0
97.14285714285714
100.0
100.0
100.0
100.0
100.0
97.14285714285714
100.0
100.0
94.28571428571428
100.0
97.14285714285714
100.0
100.0
