Training Results: 
100.0
97.40259740259741
97.40259740259741
97.40259740259741
98.7012987012987
97.40259740259741
98.7012987012987
97.40259740259741
98.7012987012987
97.40259740259741
98.7012987012987
98.7012987012987
98.7012987012987
97.40259740259741
98.7012987012987
98.7012987012987
97.40259740259741
98.7012987012987
98.7012987012987
98.7012987012987
Test Results: 
94.52054794520548
94.52054794520548
94.52054794520548
94.52054794520548
94.52054794520548
97.26027397260275
97.26027397260275
94.52054794520548
94.52054794520548
94.52054794520548
97.26027397260275
95.8904109589041
95.8904109589041
93.15068493150685
95.8904109589041
97.26027397260275
95.8904109589041
97.26027397260275
95.8904109589041
97.26027397260275
